27	46	11	23	26	39	42	7	9	3
P       L                                                               R

27	3	11	23	26	39	42	7	9	46
P       L                                                               R

27	3	11	23	26	39	42	7	9	46
P                                       L                       R        

27	3	11	23	26	9	42	7	39	46
P                                       L                       R        

27	3	11	23	26	9	42	7	39	46
P                                               L       R                

27	3	11	23	26	9	7	42	39	46
P                                               L       R                

27	3	11	23	26	9	7	42	39	46
P                                               R       L                

7	3	11	23	26	9	27	42	39	46
R                                               P       L                

7	3	11	23	26	9	27	42	39	46
P       L                               R       *       P       L       R                

7	3	11	23	26	9	27	42	39	46
P       R        L                              *       P       R       L                

3	7	11	23	26	9	27	39	42	46
R       P        L                              *       R       P       L                

3	7	11	23	26	9	27	39	42	46
        *       P       L               R       *               *                       

3	7	11	9	26	23	27	39	42	46
        *       P       L               R       *               *                       


50	34	11	31	41	4	13	

11	3	32	13	38	12	48	36	

25	34	33	19	37
